# ProR1 output:
## E1
[-1.05704154 -0.90171716 -0.80184741 -0.73205788 -0.67471469 -0.62837438
 -0.58449157 -0.54488457 -0.51196675 -0.48232288 -0.45405652 -0.42815452
 -0.40086395 -0.37416888 -0.34752032 -0.31850414 -0.28978927 -0.25580679
 -0.22324149 -0.18664122 -0.14902234 -0.10447132 -0.06004565 -0.01141909
  0.04307589  0.09709449  0.15975074  0.2346167   0.30901239  0.38506804
  0.46361154  0.53702705  0.60586006  0.68566106  0.75769136  0.83756558
  0.95343416  1.09525957  1.2807048 ]

ProR1 compartment strength:
3.52982671
ProR1 AA interaction:
0.6377130317458122
ProR1 BB interaction:
0.6733644966447424
ProR1 AB/BA interaction:
-1.1639484715088864



# ProR2 output
## E1
[-1.06152057 -0.90613168 -0.8056312  -0.73157735 -0.67739727 -0.62753066
 -0.58374939 -0.5451406  -0.51008846 -0.47815156 -0.4512673  -0.42288237
 -0.39822337 -0.37173979 -0.34334279 -0.31502481 -0.28446285 -0.25317072
 -0.21978563 -0.18377596 -0.1454028  -0.10454414 -0.05931546 -0.01027345
  0.04072342  0.09558429  0.15888449  0.22830979  0.2995221   0.37723272
  0.45380282  0.52948952  0.598384    0.67501841  0.7517828   0.82997226
  0.94149303  1.08461914  1.26750709]

ProR2 compartment strength:
3.4157521033935643
ProR2 AA interaction:
0.6083603577000039
ProR2 BB interaction:
0.659796112180431
ProR2 AB/BA interaction:
-1.1378958260765986



# ProE Merge output:
## E1
[-1.05550163 -0.9054776  -0.80413708 -0.73434678 -0.67579187 -0.62811014
 -0.5852943  -0.54431597 -0.51221526 -0.48169869 -0.45334912 -0.42728797
 -0.40093345 -0.37494755 -0.34692201 -0.31862059 -0.28911635 -0.25816744
 -0.22272009 -0.18852456 -0.14988882 -0.10674598 -0.06078356 -0.01249227
  0.04028754  0.09592959  0.15836283  0.23046167  0.3030127   0.38034679
  0.45942168  0.53342817  0.60319293  0.68025699  0.75550419  0.83209622
  0.9464716   1.08643596  1.26521033]

ProEMerge compartment strength:
3.4540640483318383
ProEMerge AA interaction:
0.629883590981525
ProEMerge BB interaction:
0.661242760132992
ProEMerge AB/BA interaction:
-1.1426464560715988



# OrthoR1 output:
## E1
[-1.21745929 -1.08909832 -1.0032881  -0.93778882 -0.87447585 -0.81508015
 -0.75080889 -0.6874652  -0.62870872 -0.56580706 -0.49843511 -0.43745404
 -0.37238414 -0.31247795 -0.25267129 -0.19634216 -0.14003988 -0.08908464
 -0.03953055  0.0029613   0.04829841  0.09003097  0.1310799   0.17624537
  0.21887433  0.26492206  0.30751859  0.34901071  0.39220607  0.43322284
  0.47576748  0.51834016  0.55883883  0.59755248  0.63822302  0.68160278
  0.73246484  0.79714976  0.89252919]

OrthoR1 compartment strength:
3.716189795367379
OrthoR1 AA interaction:
0.47158240290733516
OrthoR1 BB interaction:
0.8183506863352839
OrthoR1 AB/BA interaction:
-1.2384639089705118



# OrthoR2 output:
## E1
[-1.22460835 -1.09854164 -1.01636762 -0.95038355 -0.8896907  -0.82760882
 -0.7673488  -0.69869856 -0.63816057 -0.57499751 -0.5048724  -0.44132235
 -0.37484862 -0.31208865 -0.25299678 -0.19005907 -0.13234974 -0.0836641
 -0.03441303  0.01005959  0.0558832   0.09628163  0.13940803  0.18476614
  0.2277044   0.27280197  0.31454713  0.35628696  0.40085083  0.4432323
  0.48516254  0.52752969  0.56643588  0.60631531  0.64390236  0.6862588
  0.73783399  0.80396434  0.9023737 ]

OrthoR2 compartment strength:
3.8723273150825226
OrthoR2 AA interaction:
0.4743751228762649
OrthoR2 BB interaction:
0.8357439020658319
OrthoR2 AB/BA interaction:
-1.2868563114834952



#  OrthoEMerge output:
## E1
[-1.21816058 -1.09168381 -1.01082475 -0.94648965 -0.88375625 -0.82278362
 -0.7621297  -0.69630562 -0.63506685 -0.57272713 -0.50492433 -0.44246727
 -0.37357033 -0.31309669 -0.2528761  -0.1933477  -0.13689906 -0.08440908
 -0.03814284  0.00513165  0.05153766  0.09250039  0.13710428  0.17996953
  0.22387708  0.26792356  0.3113235   0.35295831  0.39572025  0.43788867
  0.48038643  0.52349871  0.56238988  0.60274522  0.64211909  0.68320263
  0.73393048  0.79942279  0.89439275]

OrthoEMerge compartment strength:
3.7858185679499448
OrthoEMerge AA interaction:
0.47508944439353146
OrthoEMerge BB interaction:
0.8130879154139197
OrthoEMerge AB/BA interaction:
-1.266640749436136



# OrthoR1_plus
## E1
[-1.15756803 -1.02912163 -0.94412883 -0.87539977 -0.80976317 -0.7452885
 -0.68309152 -0.6277245  -0.57720311 -0.52137461 -0.4674848  -0.40735962
 -0.35303953 -0.30162572 -0.24690614 -0.19033035 -0.13528866 -0.08654219
 -0.04147531  0.00372204  0.05125579  0.0962259   0.13977972  0.18629178
  0.23449781  0.28148304  0.32658813  0.37318882  0.41984009  0.46375829
  0.5113203   0.56090137  0.60317924  0.64521715  0.6894914   0.74157903
  0.80100324  0.88059046  1.00519419]

OrthoR1_plus compartment strength:
3.7104167793115144
OrthoR1_plus AA interaction:
0.5773812085064195
OrthoR1_plus BB interaction:
0.6967662364108879
OrthoR1_plus AB/BA interaction:
-1.2532729693153397



# OrthoR2_plus
## E1
[-1.16202131 -1.03139733 -0.94673858 -0.87378108 -0.80804105 -0.74484002
 -0.6842638  -0.63027262 -0.57657052 -0.52181706 -0.46599829 -0.41113677
 -0.35611447 -0.29908703 -0.2450582  -0.19213413 -0.13967385 -0.09015241
 -0.04183177  0.00382372  0.04861146  0.09395484  0.14158604  0.18648515
  0.23399106  0.28253157  0.32736731  0.37431458  0.41925548  0.46621673
  0.51372814  0.55933535  0.60388472  0.64617533  0.69033841  0.74255976
  0.80395047  0.87890789  1.00705641]

OrthoR2_plus compartment strength:
3.7392581139687207
OrthoR2_plus AA interaction:
0.5798644721172842
OrthoR2_plus BB interaction:
0.6985278015957452
OrthoR2_plus AB/BA interaction:
-1.2623362436120213


